0 0
1 0
2 0
3 0
4 0
5 0
6 0
7 0
8 0
9 0
10 0
11 0
12 0
13 0
14 1
15 0
16 0
17 0
18 0
19 0
20 0
21 0
22 0
23 0
24 0
25 0
26 1
27 1
28 1
29 0
30 0
31 0
32 2
33 0
34 0
35 0
36 1
37 0
38 2
39 1
40 1
41 0
42 1
43 0
44 1
45 1
46 1
47 1
48 0
49 3
50 0
51 1
52 3
53 2
54 2
55 1
56 1
57 1
58 1
59 2
60 1
61 3
62 2
63 4
64 2
65 2
66 2
67 2
68 6
69 1
70 0
71 3
72 0
73 2
74 2
75 2
76 2
77 0
78 3
79 3
80 2
81 3
82 2
83 1
84 0
85 0
86 0
87 0
88 2
89 0
90 0
91 0
92 1
93 0
94 0
95 0
96 0
97 2
98 2
99 2
100 2
101 2
102 2
103 2
104 2
105 2
106 3
107 2
108 2
109 2
110 2
111 3
112 2
113 2
114 2
115 2
116 3
117 2
118 2
119 2
120 3
121 2
122 2
123 1
124 1
125 0
126 0
127 0
128 0
129 0
130 0
131 0
132 1
133 0
134 0
135 0
136 0
137 1
138 1
139 1
140 4
141 2
142 1
143 0
144 0
145 1
146 3
147 1
148 0
149 4
150 2
151 2
152 4
153 4
154 1
155 3
156 4
157 5
158 3
159 2
160 8
161 4
162 6
163 3
164 8
165 9
166 9
167 10
168 9
169 7
170 9
171 7
172 7
173 7
174 7
175 6
176 4
177 6
178 12
179 8
180 10
181 10
182 15
183 10
184 15
185 12
186 4
187 4
188 5
189 7
190 7
191 5
192 1
193 4
194 1
195 2
196 5
197 8
198 7
199 8
200 6
201 4
202 2
203 8
204 9
205 8
206 1
207 5
208 0
209 3
210 3
211 7
212 2
213 4
214 1
215 9
216 8
217 6
218 4
219 7
220 3
221 6
222 1
223 2
224 1
225 4
226 5
227 2
228 2
229 3
230 0
231 2
232 2
233 1
234 2
235 1
236 1
237 1
238 0
239 2
240 1
241 0
242 0
243 2
244 0
245 2
246 2
247 4
248 6
249 6
250 4
251 2
252 5
253 5
254 7
255 2
256 3
257 6
258 5
259 8
260 3
261 5
262 7
263 5
264 6
265 14
266 9
267 9
268 19
269 15
270 13
271 18
272 9
273 15
274 20
275 25
276 23
277 22
278 20
279 22
280 27
281 31
282 23
283 18
284 22
285 24
286 21
287 29
288 26
289 22
290 33
291 22
292 20
293 21
294 22
295 25
296 16
297 29
298 13
299 16
300 25
301 13
302 16
303 12
304 19
305 11
306 15
307 20
308 15
309 15
310 11
311 14
312 8
313 7
314 14
315 12
316 16
317 13
318 12
319 12
320 14
321 8
322 11
323 13
324 9
325 6
326 13
327 8
328 9
329 3
330 14
331 9
332 10
333 7
334 6
335 7
336 8
337 10
338 8
339 3
340 4
341 7
342 4
343 3
344 4
345 5
346 3
347 7
348 3
349 5
350 3
351 3
352 1
353 4
354 4
355 8
356 5
357 5
358 8
359 6
360 5
361 8
362 8
363 10
364 15
365 11
366 15
367 17
368 15
369 31
370 16
371 25
372 15
373 23
374 35
375 44
376 29
377 25
378 35
379 38
380 38
381 45
382 36
383 39
384 52
385 42
386 41
387 46
388 59
389 46
390 52
391 42
392 53
393 43
394 41
395 58
396 47
397 71
398 63
399 59
400 44
401 46
402 43
403 43
404 39
405 51
406 44
407 45
408 47
409 49
410 50
411 38
412 51
413 44
414 54
415 47
416 48
417 45
418 52
419 47
420 53
421 31
422 59
423 40
424 58
425 52
426 54
427 39
428 55
429 33
430 52
431 42
432 46
433 32
434 53
435 35
436 40
437 27
438 46
439 27
440 27
441 19
442 39
443 24
444 27
445 20
446 22
447 17
448 18
449 13
450 12
451 9
452 21
453 6
454 10
455 4
456 10
457 11
458 6
459 5
460 5
461 9
462 11
463 6
464 18
465 13
466 9
467 9
468 14
469 17
470 17
471 27
472 22
473 27
474 23
475 22
476 25
477 24
478 34
479 39
480 29
481 35
482 44
483 28
484 35
485 44
486 37
487 32
488 45
489 54
490 51
491 52
492 48
493 44
494 57
495 57
496 64
497 60
498 55
499 62
500 61
501 50
502 70
503 62
504 68
505 75
506 65
507 76
508 83
509 66
510 92
511 66
512 60
513 115
514 76
515 74
516 54
517 104
518 68
519 103
520 100
521 98
522 80
523 125
524 89
525 95
526 81
527 135
528 115
529 117
530 107
531 102
532 106
533 125
534 117
535 109
536 100
537 115
538 114
539 105
540 92
541 85
542 94
543 90
544 72
545 69
546 78
547 75
548 75
549 60
550 69
551 49
552 68
553 39
554 48
555 32
556 47
557 36
558 27
559 22
560 28
561 20
562 22
563 14
564 22
565 15
566 13
567 12
568 9
569 8
570 15
571 9
572 10
573 11
574 19
575 21
576 12
577 18
578 17
579 23
580 22
581 25
582 24
583 31
584 27
585 40
586 24
587 40
588 38
589 36
590 40
591 50
592 55
593 47
594 44
595 53
596 69
597 62
598 75
599 74
600 54
601 64
602 85
603 82
604 75
605 60
606 82
607 80
608 92
609 73
610 108
611 87
612 97
613 97
614 89
615 85
616 95
617 98
618 135
619 98
620 122
621 124
622 125
623 112
624 138
625 150
626 119
627 154
628 172
629 155
630 150
631 175
632 175
633 196
634 158
635 160
636 169
637 174
638 166
639 175
640 172
641 155
642 149
643 173
644 157
645 159
646 141
647 173
648 135
649 135
650 120
651 126
652 108
653 126
654 109
655 107
656 88
657 81
658 77
659 90
660 78
661 62
662 50
663 56
664 42
665 50
666 40
667 40
668 44
669 26
670 28
671 26
672 25
673 21
674 19
675 23
676 12
677 17
678 21
679 20
680 14
681 12
682 19
683 19
684 20
685 19
686 21
687 35
688 21
689 27
690 26
691 24
692 29
693 35
694 30
695 42
696 38
697 40
698 32
699 59
700 50
701 48
702 54
703 49
704 53
705 64
706 64
707 56
708 73
709 63
710 81
711 85
712 86
713 79
714 99
715 89
716 108
717 102
718 99
719 92
720 117
721 130
722 101
723 117
724 151
725 147
726 150
727 138
728 188
729 190
730 157
731 175
732 203
733 169
734 183
735 234
736 240
737 204
738 227
739 222
740 235
741 228
742 237
743 236
744 213
745 222
746 234
747 215
748 216
749 216
750 228
751 217
752 220
753 219
754 219
755 175
756 212
757 180
758 147
759 177
760 157
761 159
762 145
763 145
764 118
765 110
766 99
767 101
768 102
769 93
770 74
771 70
772 69
773 74
774 60
775 59
776 40
777 45
778 36
779 35
780 37
781 39
782 28
783 41
784 26
785 18
786 27
787 15
788 28
789 17
790 17
791 19
792 26
793 24
794 33
795 24
796 26
797 20
798 27
799 29
800 27
801 19
802 42
803 50
804 37
805 36
806 32
807 53
808 55
809 48
810 65
811 40
812 59
813 66
814 61
815 71
816 72
817 91
818 77
819 71
820 76
821 104
822 107
823 103
824 97
825 112
826 119
827 103
828 105
829 132
830 145
831 134
832 144
833 164
834 160
835 187
836 181
837 198
838 172
839 220
840 224
841 226
842 224
843 229
844 225
845 206
846 216
847 231
848 261
849 251
850 247
851 246
852 233
853 232
854 217
855 241
856 221
857 252
858 214
859 227
860 231
861 205
862 192
863 184
864 189
865 165
866 189
867 148
868 201
869 147
870 150
871 114
872 148
873 138
874 120
875 95
876 115
877 109
878 98
879 72
880 73
881 67
882 62
883 61
884 51
885 55
886 45
887 43
888 38
889 34
890 32
891 30
892 33
893 33
894 30
895 21
896 25
897 17
898 19
899 16
900 24
901 29
902 25
903 33
904 28
905 30
906 27
907 22
908 22
909 31
910 34
911 43
912 43
913 48
914 39
915 44
916 41
917 45
918 43
919 49
920 44
921 65
922 67
923 69
924 84
925 81
926 74
927 87
928 80
929 97
930 92
931 102
932 122
933 102
934 112
935 121
936 120
937 138
938 137
939 143
940 165
941 184
942 152
943 167
944 182
945 166
946 180
947 204
948 176
949 198
950 203
951 218
952 193
953 211
954 214
955 208
956 201
957 220
958 212
959 257
960 204
961 226
962 206
963 233
964 174
965 197
966 160
967 189
968 188
969 177
970 163
971 156
972 168
973 155
974 179
975 154
976 149
977 150
978 114
979 136
980 108
981 98
982 100
983 94
984 104
985 109
986 82
987 70
988 64
989 63
990 65
991 53
992 51
993 53
994 51
995 34
996 37
997 35
998 35
999 26
1000 23
1001 26
1002 27
1003 30
1004 18
1005 25
1006 18
1007 20
1008 19
1009 25
1010 20
1011 18
1012 17
1013 21
1014 24
1015 26
1016 29
1017 32
1018 24
1019 22
1020 22
1021 32
1022 29
1023 49
1024 28
1025 34
1026 43
1027 47
1028 45
1029 54
1030 55
1031 48
1032 64
1033 55
1034 56
1035 67
1036 78
1037 69
1038 74
1039 83
1040 92
1041 102
1042 82
1043 88
1044 105
1045 96
1046 108
1047 116
1048 138
1049 119
1050 122
1051 134
1052 148
1053 141
1054 128
1055 153
1056 161
1057 141
1058 143
1059 140
1060 174
1061 154
1062 142
1063 166
1064 157
1065 176
1066 167
1067 148
1068 151
1069 156
1070 176
1071 171
1072 167
1073 157
1074 151
1075 161
1076 145
1077 149
1078 125
1079 157
1080 117
1081 103
1082 110
1083 109
1084 97
1085 122
1086 97
1087 116
1088 81
1089 100
1090 84
1091 65
1092 71
1093 67
1094 67
1095 70
1096 63
1097 55
1098 47
1099 46
1100 36
1101 29
1102 37
1103 34
1104 36
1105 23
1106 23
1107 19
1108 26
1109 20
1110 17
1111 13
1112 23
1113 12
1114 23
1115 10
1116 14
1117 19
1118 13
1119 21
1120 14
1121 13
1122 16
1123 14
1124 21
1125 18
1126 26
1127 16
1128 15
1129 20
1130 22
1131 18
1132 24
1133 28
1134 30
1135 29
1136 30
1137 25
1138 29
1139 37
1140 47
1141 41
1142 42
1143 37
1144 49
1145 47
1146 66
1147 56
1148 61
1149 69
1150 55
1151 69
1152 70
1153 67
1154 76
1155 71
1156 87
1157 85
1158 92
1159 90
1160 99
1161 100
1162 105
1163 89
1164 100
1165 101
1166 97
1167 110
1168 114
1169 107
1170 101
1171 96
1172 110
1173 91
1174 113
1175 120
1176 104
1177 112
1178 113
1179 101
1180 89
1181 95
1182 98
1183 98
1184 102
1185 90
1186 77
1187 73
1188 91
1189 78
1190 84
1191 55
1192 85
1193 61
1194 65
1195 64
1196 59
1197 48
1198 56
1199 54
1200 47
1201 48
1202 44
1203 41
1204 44
1205 20
1206 34
1207 21
1208 28
1209 24
1210 26
1211 17
1212 21
1213 22
1214 23
1215 13
1216 17
1217 13
1218 6
1219 10
1220 11
1221 9
1222 15
1223 12
1224 11
1225 9
1226 15
1227 8
1228 7
1229 10
1230 6
1231 16
1232 15
1233 8
1234 20
1235 12
1236 12
1237 11
1238 18
1239 25
1240 21
1241 15
1242 13
1243 24
1244 17
1245 26
1246 25
1247 26
1248 24
1249 31
1250 27
1251 28
1252 32
1253 24
1254 39
1255 25
1256 38
1257 31
1258 41
1259 45
1260 46
1261 50
1262 55
1263 47
1264 45
1265 51
1266 60
1267 59
1268 63
1269 60
1270 55
1271 62
1272 70
1273 54
1274 53
1275 62
1276 71
1277 65
1278 68
1279 64
1280 51
1281 67
1282 65
1283 52
1284 67
1285 70
1286 75
1287 66
1288 75
1289 57
1290 55
1291 62
1292 48
1293 56
1294 47
1295 59
1296 53
1297 49
1298 49
1299 39
1300 47
1301 42
1302 43
1303 32
1304 38
1305 32
1306 38
1307 31
1308 25
1309 32
1310 15
1311 22
1312 22
1313 21
1314 14
1315 23
1316 21
1317 9
1318 13
1319 21
1320 15
1321 8
1322 10
1323 7
1324 12
1325 1
1326 4
1327 8
1328 8
1329 6
1330 5
1331 8
1332 6
1333 6
1334 2
1335 6
1336 5
1337 11
1338 9
1339 10
1340 5
1341 11
1342 6
1343 10
1344 13
1345 5
1346 4
1347 11
1348 7
1349 11
1350 9
1351 8
1352 9
1353 18
1354 21
1355 16
1356 13
1357 17
1358 22
1359 17
1360 24
1361 18
1362 10
1363 26
1364 26
1365 20
1366 22
1367 33
1368 27
1369 33
1370 28
1371 36
1372 23
1373 36
1374 33
1375 35
1376 39
1377 32
1378 37
1379 26
1380 32
1381 33
1382 39
1383 26
1384 54
1385 51
1386 48
1387 41
1388 41
1389 41
1390 39
1391 39
1392 46
1393 47
1394 42
1395 35
1396 41
1397 40
1398 26
1399 30
1400 32
1401 28
1402 25
1403 31
1404 31
1405 28
1406 30
1407 29
1408 20
1409 28
1410 18
1411 22
1412 29
1413 19
1414 23
1415 12
1416 18
1417 18
1418 16
1419 16
1420 21
1421 11
1422 12
1423 7
1424 7
1425 10
1426 5
1427 7
1428 5
1429 6
1430 6
1431 4
1432 3
1433 7
1434 3
1435 7
1436 6
1437 3
1438 5
1439 2
1440 3
1441 6
1442 3
1443 3
1444 3
1445 2
1446 7
1447 5
1448 2
1449 5
1450 7
1451 4
1452 7
1453 5
1454 7
1455 12
1456 4
1457 7
1458 9
1459 10
1460 8
1461 10
1462 7
1463 6
1464 14
1465 6
1466 10
1467 12
1468 12
1469 11
1470 8
1471 15
1472 11
1473 21
1474 15
1475 12
1476 15
1477 20
1478 24
1479 26
1480 20
1481 20
1482 19
1483 25
1484 21
1485 26
1486 17
1487 13
1488 20
1489 21
1490 16
1491 19
1492 18
1493 26
1494 24
1495 19
1496 25
1497 20
1498 23
1499 25
1500 21
1501 18
1502 14
1503 22
1504 17
1505 18
1506 22
1507 12
1508 22
1509 16
1510 20
1511 21
1512 21
1513 19
1514 14
1515 16
1516 9
1517 15
1518 11
1519 13
1520 17
1521 12
1522 7
1523 6
1524 8
1525 7
1526 12
1527 5
1528 10
1529 8
1530 6
1531 5
1532 1
1533 6
1534 1
1535 4
1536 5
1537 3
1538 2
1539 4
1540 2
1541 0
1542 3
1543 0
1544 4
1545 1
1546 7
1547 4
1548 3
1549 2
1550 4
1551 1
1552 2
1553 1
1554 6
1555 2
1556 4
1557 1
1558 3
1559 3
1560 6
1561 5
1562 5
1563 4
1564 4
1565 2
1566 5
1567 2
1568 9
1569 6
1570 5
1571 8
1572 10
1573 7
1574 4
1575 10
1576 8
1577 8
1578 10
1579 15
1580 12
1581 7
1582 10
1583 4
1584 10
1585 6
1586 10
1587 12
1588 7
1589 9
1590 13
1591 9
1592 16
1593 8
1594 11
1595 10
1596 12
1597 9
1598 11
1599 13
1600 12
1601 10
1602 14
1603 11
1604 8
1605 10
1606 12
1607 8
1608 11
1609 9
1610 6
1611 14
1612 10
1613 10
1614 9
1615 13
1616 11
1617 14
1618 14
1619 6
1620 9
1621 6
1622 13
1623 8
1624 8
1625 13
1626 7
1627 11
1628 9
1629 6
1630 3
1631 7
1632 6
1633 5
1634 2
1635 6
1636 4
1637 3
1638 2
1639 7
1640 4
1641 2
1642 8
1643 3
1644 1
1645 3
1646 0
1647 4
1648 0
1649 2
1650 1
1651 1
1652 2
1653 2
1654 2
1655 1
1656 0
1657 0
1658 2
1659 3
1660 2
1661 0
1662 1
1663 0
1664 2
1665 4
1666 2
1667 4
1668 3
1669 2
1670 3
1671 0
1672 3
1673 1
1674 3
1675 5
1676 7
1677 3
1678 2
1679 2
1680 4
1681 0
1682 6
1683 2
1684 4
1685 6
1686 1
1687 6
1688 3
1689 5
1690 3
1691 3
1692 5
1693 13
1694 1
1695 4
1696 5
1697 3
1698 5
1699 5
1700 9
1701 3
1702 4
1703 7
1704 4
1705 4
1706 8
1707 9
1708 9
1709 6
1710 3
1711 3
1712 7
1713 7
1714 3
1715 5
1716 10
1717 7
1718 4
1719 6
1720 6
1721 3
1722 2
1723 4
1724 4
1725 5
1726 3
1727 2
1728 3
1729 4
1730 3
1731 6
1732 6
1733 4
1734 5
1735 4
1736 2
1737 6
1738 0
1739 5
1740 4
1741 2
1742 5
1743 4
1744 1
1745 3
1746 1
1747 1
1748 1
1749 3
1750 1
1751 1
1752 0
1753 0
1754 2
1755 1
1756 1
1757 0
1758 1
1759 0
1760 0
1761 0
1762 2
1763 0
1764 0
1765 0
1766 1
1767 0
1768 1
1769 1
1770 2
1771 0
1772 1
1773 1
1774 1
1775 1
1776 0
1777 1
1778 0
1779 1
1780 0
1781 1
1782 1
1783 3
1784 3
1785 1
1786 2
1787 0
1788 1
1789 2
1790 4
1791 1
1792 3
1793 1
1794 2
1795 1
1796 8
1797 1
1798 3
1799 3
1800 2
1801 5
1802 2
1803 3
1804 0
1805 3
1806 1
1807 2
1808 0
1809 1
1810 4
1811 1
1812 1
1813 0
1814 4
1815 1
1816 6
1817 3
1818 1
1819 2
1820 1
1821 3
1822 2
1823 4
1824 2
1825 3
1826 5
1827 2
1828 1
1829 2
1830 3
1831 4
1832 1
1833 1
1834 2
1835 3
1836 0
1837 4
1838 1
1839 1
1840 1
1841 2
1842 2
1843 1
1844 0
1845 2
1846 0
1847 1
1848 0
1849 0
1850 1
1851 1
1852 1
1853 0
1854 0
1855 3
1856 1
1857 1
1858 0
1859 0
1860 0
1861 1
1862 0
1863 0
1864 0
1865 0
1866 0
1867 0
1868 0
1869 0
1870 0
1871 0
1872 0
1873 0
1874 0
1875 0
1876 0
1877 0
1878 0
1879 0
1880 0
1881 4
1882 0
1883 1
1884 0
1885 1
1886 1
1887 0
1888 0
1889 0
1890 0
1891 0
1892 1
1893 1
1894 1
1895 0
1896 2
1897 1
1898 0
1899 2
1900 1
1901 1
1902 1
1903 1
1904 2
1905 1
1906 0
1907 3
1908 0
1909 3
1910 1
1911 3
1912 2
1913 0
1914 6
1915 1
1916 1
1917 0
1918 1
1919 2
1920 0
1921 3
1922 1
1923 0
1924 1
1925 1
1926 2
1927 3
1928 1
1929 2
1930 1
1931 0
1932 1
1933 0
1934 1
1935 1
1936 2
1937 1
1938 1
1939 1
1940 0
1941 0
1942 0
1943 0
1944 1
1945 0
1946 1
1947 1
1948 1
1949 0
1950 0
1951 1
1952 1
1953 0
1954 1
1955 0
1956 0
1957 1
1958 1
1959 2
1960 0
1961 0
1962 0
1963 0
1964 0
1965 0
1966 0
1967 0
1968 0
1969 0
1970 0
1971 0
1972 0
1973 0
1974 0
1975 0
1976 0
1977 0
1978 0
1979 0
1980 0
1981 0
1982 0
1983 0
1984 0
1985 0
1986 0
1987 0
1988 0
1989 1
1990 0
1991 0
1992 0
1993 0
1994 0
1995 0
1996 0
1997 0
1998 0
1999 0
2000 0
2001 0
2002 1
2003 0
2004 0
2005 0
2006 0
2007 0
2008 1
2009 0
2010 0
2011 1
2012 0
2013 1
2014 0
2015 0
2016 0
2017 0
2018 1
2019 0
2020 1
2021 0
2022 1
2023 1
2024 0
2025 0
2026 1
2027 0
2028 0
2029 0
2030 0
2031 0
2032 0
2033 0
2034 1
2035 1
2036 0
2037 0
2038 2
2039 1
2040 1
2041 1
2042 1
2043 0
2044 1
2045 0
2046 0
2047 0
2048 0
2049 0
2050 0
2051 1
2052 0
2053 0
2054 0
2055 0
2056 1
2057 1
2058 0
2059 1
2060 0
2061 1
2062 0
2063 0
2064 0
2065 0
2066 0
2067 0
2068 0
2069 0
2070 1
2071 0
2072 0
2073 0
2074 1
2075 0
2076 0
2077 0
2078 0
2079 0
2080 0
2081 0
2082 0
2083 0
2084 0
2085 0
2086 0
2087 0
2088 0
2089 0
2090 0
2091 0
2092 0
2093 0
2094 0
2095 0
2096 0
2097 0
2098 0
2099 1
2100 0
2101 0
2102 0
2103 0
2104 0
2105 0
2106 0
2107 0
2108 0
2109 2
2110 0
2111 0
2112 0
2113 0
2114 0
2115 0
2116 1
2117 1
2118 1
2119 0
2120 0
2121 0
2122 0
2123 1
2124 0
2125 0
2126 0
2127 0
2128 0
2129 1
2130 0
2131 0
2132 0
2133 0
2134 0
2135 0
2136 1
2137 0
2138 0
2139 0
2140 0
2141 0
2142 0
2143 0
2144 0
2145 0
2146 0
2147 0
2148 0
2149 0
2150 0
2151 1
2152 0
2153 0
2154 0
2155 0
2156 1
2157 2
2158 0
2159 0
2160 0
2161 0
2162 0
2163 0
2164 0
2165 0
2166 0
2167 0
2168 1
2169 0
2170 0
2171 0
2172 0
2173 0
2174 0
2175 0
2176 0
2177 0
2178 0
2179 1
2180 0
2181 0
2182 0
2183 0
2184 0
2185 0
2186 0
2187 0
2188 0
2189 0
2190 0
2191 0
2192 0
2193 0
2194 0
2195 0
2196 0
2197 0
2198 0
2199 0
2200 0
2201 0
2202 0
2203 0
2204 0
2205 0
2206 0
2207 0
2208 1
2209 0
2210 2
2211 0
2212 1
2213 0
2214 0
2215 0
2216 0
2217 0
2218 0
2219 1
2220 0
2221 1
2222 0
2223 0
2224 1
2225 0
2226 0
2227 0
2228 0
2229 0
2230 0
2231 0
2232 1
2233 0
2234 0
2235 0
2236 0
2237 0
2238 1
2239 0
2240 0
2241 0
2242 0
2243 0
2244 0
2245 0
2246 0
2247 0
2248 2
2249 0
2250 0
2251 0
2252 1
2253 1
2254 0
2255 0
2256 2
2257 0
2258 0
2259 0
2260 0
2261 1
2262 0
2263 0
2264 1
2265 0
2266 0
2267 2
2268 0
2269 0
2270 0
2271 0
2272 0
2273 1
2274 0
2275 0
2276 0
2277 0
2278 0
2279 0
2280 0
2281 1
2282 1
2283 0
2284 0
2285 0
2286 0
2287 0
2288 0
2289 0
2290 0
2291 0
2292 0
2293 0
2294 0
2295 1
2296 0
2297 0
2298 0
2299 0
2300 0
2301 0
2302 0
2303 0
2304 0
2305 0
2306 0
2307 0
2308 0
2309 0
2310 0
2311 0
2312 0
2313 0
2314 0
2315 0
2316 0
2317 0
2318 0
2319 0
2320 0
2321 0
2322 0
2323 0
2324 0
2325 0
2326 0
2327 0
2328 0
2329 0
2330 0
2331 0
2332 0
2333 0
2334 0
2335 0
2336 0
2337 0
2338 0
2339 0
2340 0
2341 0
2342 0
2343 0
2344 0
2345 0
2346 0
2347 0
2348 0
2349 0
2350 0
2351 0
2352 0
2353 0
2354 0
2355 0
2356 0
2357 1
2358 0
2359 0
2360 0
2361 0
2362 0
2363 0
2364 0
2365 0
2366 0
2367 0
2368 0
2369 0
2370 0
2371 0
2372 0
2373 0
2374 0
2375 0
2376 0
2377 0
2378 0
2379 0
2380 0
2381 0
2382 0
2383 0
2384 0
2385 0
2386 0
2387 0
2388 0
2389 0
2390 0
2391 0
2392 0
2393 0
2394 0
2395 0
2396 0
2397 0
2398 0
2399 0
2400 0
2401 0
2402 0
2403 0
2404 0
2405 0
2406 0
2407 0
2408 0
2409 0
2410 0
2411 0
2412 0
2413 0
2414 0
2415 0
2416 0
2417 0
2418 0
2419 0
2420 0
2421 0
2422 0
2423 0
2424 0
2425 0
2426 0
2427 0
2428 1
2429 0
2430 0
2431 0
2432 0
2433 0
2434 0
2435 0
2436 0
2437 0
2438 0
2439 0
2440 0
2441 0
2442 0
2443 0
2444 0
2445 0
2446 0
2447 0
2448 0
2449 0
2450 0
2451 0
2452 0
2453 0
2454 0
2455 0
2456 0
2457 0
2458 0
2459 0
2460 0
2461 0
2462 0
2463 0
2464 0
2465 0
2466 0
2467 0
2468 0
2469 0
2470 0
2471 0
2472 0
2473 0
2474 0
2475 0
2476 0
2477 0
2478 0
2479 0
2480 0
2481 0
2482 0
2483 0
2484 0
2485 0
2486 0
2487 0
2488 0
2489 0
2490 0
2491 0
2492 0
2493 0
2494 0
2495 0
2496 0
2497 0
2498 0
2499 0
2500 0
2501 0
2502 0
2503 0
2504 0
2505 0
2506 0
2507 0
2508 0
2509 0
2510 0
2511 0
2512 0
2513 0
2514 0
2515 0
2516 0
2517 0
2518 0
2519 0
2520 0
2521 0
2522 0
2523 0
2524 0
2525 0
2526 0
2527 0
2528 0
2529 0
2530 0
2531 0
2532 0
2533 0
2534 0
2535 0
2536 0
2537 0
2538 0
2539 0
2540 0
2541 0
2542 0
2543 0
2544 0
2545 0
2546 0
2547 0
2548 0
2549 0
2550 0
2551 0
2552 0
2553 0
2554 0
2555 0
2556 0
2557 0
2558 0
2559 0
2560 0
2561 0
2562 0
2563 0
2564 0
2565 0
2566 0
2567 0
2568 0
2569 0
2570 0
2571 0
2572 0
2573 0
2574 0
2575 0
2576 0
2577 0
2578 0
2579 0
2580 0
2581 0
2582 0
2583 0
2584 0
2585 0
2586 0
2587 0
2588 0
2589 0
2590 0
2591 0
2592 0
2593 0
2594 0
2595 0
2596 0
2597 0
2598 0
2599 0
2600 0
2601 0
2602 0
2603 0
2604 0
2605 0
2606 0
2607 0
2608 0
2609 0
2610 0
2611 0
2612 0
2613 0
2614 0
2615 0
2616 0
2617 0
2618 0
2619 0
2620 0
2621 0
2622 0
2623 0
2624 0
2625 0
2626 0
2627 0
2628 0
2629 0
2630 0
2631 0
2632 0
2633 0
2634 0
2635 0
2636 0
2637 0
2638 0
2639 0
2640 0
2641 0
2642 0
2643 0
2644 0
2645 0
2646 0
2647 0
2648 0
2649 0
2650 0
2651 0
2652 0
2653 0
2654 0
2655 0
2656 0
2657 0
2658 0
2659 0
2660 0
2661 0
2662 0
2663 0
2664 0
2665 0
2666 0
2667 0
2668 0
2669 0
2670 0
2671 0
2672 0
2673 0
2674 0
2675 0
2676 0
2677 0
2678 0
2679 0
2680 0
2681 0
2682 0
2683 0
2684 0
2685 0
2686 0
2687 0
2688 0
2689 0
2690 0
2691 0
2692 0
2693 0
2694 0
2695 0
2696 0
2697 0
2698 0
2699 0
2700 0
2701 0
2702 0
2703 0
2704 0
2705 0
2706 0
2707 0
2708 0
2709 0
2710 0
2711 0
2712 0
2713 0
2714 0
2715 0
2716 0
2717 0
2718 0
2719 0
2720 0
2721 0
2722 0
2723 0
2724 0
2725 0
2726 0
2727 0
2728 0
2729 0
2730 0
2731 0
2732 0
2733 0
2734 0
2735 0
2736 0
2737 0
2738 0
2739 0
2740 0
2741 0
2742 0
2743 0
2744 0
2745 0
2746 0
2747 0
2748 0
2749 0
2750 0
2751 0
2752 0
2753 0
2754 0
2755 0
2756 0
2757 0
2758 0
2759 0
2760 0
2761 0
2762 0
2763 0
2764 0
2765 0
2766 0
2767 0
2768 0
2769 0
2770 0
2771 0
2772 0
2773 0
2774 0
2775 0
2776 0
2777 0
2778 0
2779 0
2780 0
2781 0
2782 0
2783 0
2784 0
2785 0
2786 0
2787 0
2788 0
2789 0
2790 0
2791 0
2792 0
2793 0
2794 0
2795 0
2796 0
2797 0
2798 0
2799 0
2800 0
2801 0
2802 0
2803 0
2804 0
2805 0
2806 0
2807 0
2808 0
2809 0
2810 0
2811 0
2812 0
2813 0
2814 0
2815 0
2816 0
2817 0
2818 0
2819 0
2820 0
2821 0
2822 0
2823 0
2824 0
2825 0
2826 0
2827 0
2828 0
2829 0
2830 0
2831 0
2832 0
2833 0
2834 0
2835 0
2836 0
2837 0
2838 0
2839 0
2840 0
2841 0
2842 0
2843 0
2844 0
2845 0
2846 0
2847 0
2848 0
2849 0
2850 0
2851 0
2852 0
2853 0
2854 0
2855 0
2856 0
2857 0
2858 0
2859 0
2860 0
2861 0
2862 0
2863 0
2864 0
2865 0
2866 0
2867 0
2868 0
2869 0
2870 0
2871 0
2872 0
2873 0
2874 0
2875 0
2876 0
2877 0
2878 0
2879 0
2880 0
2881 0
2882 0
2883 0
2884 0
2885 0
2886 0
2887 0
2888 0
2889 0
2890 0
2891 0
2892 0
2893 0
2894 0
2895 0
2896 0
2897 0
2898 0
2899 0
2900 0
2901 0
2902 0
2903 0
2904 0
2905 0
2906 0
2907 0
2908 0
2909 0
2910 0
2911 0
2912 0
2913 0
2914 0
2915 0
2916 0
2917 0
2918 0
2919 0
2920 0
2921 0
2922 0
2923 0
2924 0
2925 0
2926 0
2927 0
2928 0
2929 0
2930 0
2931 0
2932 0
2933 0
2934 0
2935 0
2936 0
2937 0
2938 0
2939 0
2940 0
2941 0
2942 0
2943 0
2944 0
2945 0
2946 0
2947 0
2948 0
2949 0
2950 0
2951 0
2952 0
2953 0
2954 0
2955 0
2956 0
2957 0
2958 0
2959 0
2960 0
2961 0
2962 0
2963 0
2964 0
2965 0
2966 0
2967 0
2968 0
2969 0
2970 0
2971 0
2972 0
2973 0
2974 0
2975 0
2976 0
2977 0
2978 0
2979 0
2980 0
2981 0
2982 0
2983 0
2984 0
2985 0
2986 0
2987 0
2988 0
2989 0
2990 0
2991 0
2992 0
2993 0
2994 0
2995 0
2996 0
2997 0
2998 0
2999 0
3000 0
3001 0
3002 0
3003 0
3004 0
3005 0
3006 0
3007 0
3008 0
3009 0
3010 0
3011 0
3012 0
3013 0
3014 0
3015 0
3016 0
3017 0
3018 0
3019 0
3020 0
3021 0
3022 0
3023 0
3024 0
3025 0
3026 0
3027 0
3028 0
3029 0
3030 0
3031 0
3032 0
3033 0
3034 0
3035 0
3036 0
3037 0
3038 0
3039 0
3040 0
3041 0
3042 0
3043 0
3044 0
3045 0
3046 0
3047 0
3048 0
3049 0
3050 0
3051 0
3052 0
3053 0
3054 0
3055 0
3056 0
3057 0
3058 0
3059 0
3060 0
3061 0
3062 0
3063 0
3064 0
3065 0
3066 0
3067 0
3068 0
3069 0
3070 0
3071 0
3072 0
3073 0
3074 0
3075 0
3076 0
3077 0
3078 0
3079 0
3080 0
3081 0
3082 0
3083 0
3084 0
3085 0
3086 0
3087 0
3088 0
3089 0
3090 0
3091 0
3092 0
3093 0
3094 0
3095 0
3096 0
3097 0
3098 0
3099 0
3100 0
3101 0
3102 0
3103 0
3104 0
3105 0
3106 0
3107 0
3108 0
3109 0
3110 0
3111 0
3112 0
3113 0
3114 0
3115 0
3116 0
3117 0
3118 0
3119 0
3120 0
3121 0
3122 0
3123 0
3124 0
3125 0
3126 0
3127 0
3128 0
3129 0
3130 0
3131 0
3132 0
3133 0
3134 0
3135 0
3136 0
3137 0
3138 0
3139 0
3140 0
3141 0
3142 0
3143 0
3144 0
3145 0
3146 0
3147 0
3148 0
3149 0
3150 0
3151 0
3152 0
3153 0
3154 0
3155 0
3156 0
3157 0
3158 0
3159 0
3160 0
3161 0
3162 0
3163 0
3164 0
3165 0
3166 0
3167 0
3168 0
3169 0
3170 0
3171 0
3172 0
3173 0
3174 0
3175 0
3176 0
3177 0
3178 0
3179 0
3180 0
3181 0
3182 0
3183 0
3184 0
3185 0
3186 0
3187 0
3188 0
3189 0
3190 0
3191 0
3192 0
3193 0
3194 0
3195 0
3196 0
3197 0
3198 0
3199 0
3200 0
3201 0
3202 0
3203 0
3204 0
3205 0
3206 0
3207 0
3208 0
3209 0
3210 0
3211 0
3212 0
3213 0
3214 0
3215 0
3216 0
3217 0
3218 0
3219 0
3220 0
3221 0
3222 0
3223 0
3224 0
3225 0
3226 0
3227 0
3228 0
3229 0
3230 0
3231 0
3232 0
3233 0
3234 0
3235 0
3236 0
3237 0
3238 0
3239 0
3240 0
3241 0
3242 0
3243 0
3244 0
3245 0
3246 0
3247 0
3248 0
3249 0
3250 0
3251 0
3252 0
3253 0
3254 0
3255 0
3256 0
3257 0
3258 0
3259 0
3260 0
3261 0
3262 0
3263 0
3264 0
3265 0
3266 0
3267 0
3268 0
3269 0
3270 0
3271 0
3272 0
3273 0
3274 0
3275 0
3276 0
3277 0
3278 0
3279 0
3280 0
3281 0
3282 0
3283 0
3284 0
3285 0
3286 0
3287 0
3288 0
3289 0
3290 0
3291 0
3292 0
3293 0
3294 0
3295 0
3296 0
3297 0
3298 0
3299 0
3300 0
3301 0
3302 0
3303 0
3304 0
3305 0
3306 0
3307 0
3308 0
3309 0
3310 0
3311 0
3312 0
3313 0
3314 0
3315 0
3316 0
3317 0
3318 0
3319 0
3320 0
3321 0
3322 0
3323 0
3324 0
3325 0
3326 0
3327 0
3328 0
3329 0
3330 0
3331 0
3332 0
3333 0
3334 0
3335 0
3336 0
3337 0
3338 0
3339 0
3340 0
3341 0
3342 0
3343 0
3344 0
3345 0
3346 0
3347 0
3348 0
3349 0
3350 0
3351 0
3352 0
3353 0
3354 0
3355 0
3356 0
3357 0
3358 0
3359 0
3360 0
3361 0
3362 0
3363 0
3364 0
3365 0
3366 0
3367 0
3368 0
3369 0
3370 0
3371 0
3372 0
3373 0
3374 0
3375 0
3376 0
3377 0
3378 0
3379 0
3380 0
3381 0
3382 0
3383 0
3384 0
3385 0
3386 0
3387 0
3388 0
3389 0
3390 0
3391 0
3392 0
3393 0
3394 0
3395 0
3396 0
3397 0
3398 0
3399 0
3400 0
3401 0
3402 0
3403 0
3404 0
3405 0
3406 0
3407 0
3408 0
3409 0
3410 0
3411 0
3412 0
3413 0
3414 0
3415 0
3416 0
3417 0
3418 0
3419 0
3420 0
3421 0
3422 0
3423 0
3424 0
3425 0
3426 0
3427 0
3428 0
3429 0
3430 0
3431 0
3432 0
3433 0
3434 0
3435 0
3436 0
3437 0
3438 0
3439 0
3440 0
3441 0
3442 0
3443 0
3444 0
3445 0
3446 0
3447 0
3448 0
3449 0
3450 0
3451 0
3452 0
3453 0
3454 0
3455 0
3456 0
3457 0
3458 0
3459 0
3460 0
3461 0
3462 0
3463 0
3464 0
3465 0
3466 0
3467 0
3468 0
3469 0
3470 0
3471 0
3472 0
3473 0
3474 0
3475 0
3476 0
3477 0
3478 0
3479 0
3480 0
3481 0
3482 0
3483 0
3484 0
3485 0
3486 0
3487 0
3488 0
3489 0
3490 0
3491 0
3492 0
3493 0
3494 0
3495 0
3496 0
3497 0
3498 0
3499 0
3500 0
3501 0
3502 0
3503 0
3504 0
3505 0
3506 0
3507 0
3508 0
3509 0
3510 0
3511 0
3512 0
3513 0
3514 0
3515 0
3516 0
3517 0
3518 0
3519 0
3520 0
3521 0
3522 0
3523 0
3524 0
3525 0
3526 0
3527 0
3528 0
3529 0
3530 0
3531 0
3532 0
3533 0
3534 0
3535 0
3536 0
3537 0
3538 0
3539 0
3540 0
3541 0
3542 0
3543 0
3544 0
3545 0
3546 0
3547 0
3548 0
3549 0
3550 0
3551 0
3552 0
3553 0
3554 0
3555 0
3556 0
3557 0
3558 0
3559 0
3560 0
3561 0
3562 0
3563 0
3564 0
3565 0
3566 0
3567 0
3568 0
3569 0
3570 0
3571 0
3572 0
3573 0
3574 0
3575 0
3576 0
3577 0
3578 0
3579 0
3580 0
3581 0
3582 0
3583 0
3584 0
3585 0
3586 0
3587 0
3588 0
3589 0
3590 0
3591 0
3592 0
3593 0
3594 0
3595 0
3596 0
3597 0
3598 0
3599 0
3600 0
3601 0
3602 0
3603 0
3604 0
3605 0
3606 0
3607 0
3608 0
3609 0
3610 0
3611 0
3612 0
3613 0
3614 0
3615 0
3616 0
3617 0
3618 0
3619 0
3620 0
3621 0
3622 0
3623 0
3624 0
3625 0
3626 0
3627 0
3628 0
3629 0
3630 0
3631 0
3632 0
3633 0
3634 0
3635 0
3636 0
3637 0
3638 0
3639 0
3640 0
3641 0
3642 0
3643 0
3644 0
3645 0
3646 0
3647 0
3648 0
3649 0
3650 0
3651 0
3652 0
3653 0
3654 0
3655 0
3656 0
3657 0
3658 0
3659 0
3660 0
3661 0
3662 0
3663 0
3664 0
3665 0
3666 0
3667 0
3668 0
3669 0
3670 0
3671 0
3672 0
3673 0
3674 0
3675 0
3676 0
3677 0
3678 0
3679 0
3680 0
3681 0
3682 0
3683 0
3684 0
3685 0
3686 0
3687 0
3688 0
3689 0
3690 0
3691 0
3692 0
3693 0
3694 0
3695 0
3696 0
3697 0
3698 0
3699 0
3700 0
3701 0
3702 0
3703 0
3704 0
3705 0
3706 0
3707 0
3708 0
3709 0
3710 0
3711 0
3712 0
3713 0
3714 0
3715 0
3716 0
3717 0
3718 0
3719 0
3720 0
3721 0
3722 0
3723 0
3724 0
3725 0
3726 0
3727 0
3728 0
3729 0
3730 0
3731 0
3732 0
3733 0
3734 0
3735 0
3736 0
3737 0
3738 0
3739 0
3740 0
3741 0
3742 0
3743 0
3744 0
3745 0
3746 0
3747 0
3748 0
3749 0
3750 0
3751 0
3752 0
3753 0
3754 0
3755 0
3756 0
3757 0
3758 0
3759 0
3760 0
3761 0
3762 0
3763 0
3764 0
3765 0
3766 0
3767 0
3768 0
3769 0
3770 0
3771 0
3772 0
3773 0
3774 0
3775 0
3776 0
3777 0
3778 0
3779 0
3780 0
3781 0
3782 0
3783 0
3784 0
3785 0
3786 0
3787 0
3788 0
3789 0
3790 0
3791 0
3792 0
3793 0
3794 0
3795 0
3796 0
3797 0
3798 0
3799 0
3800 0
3801 0
3802 0
3803 0
3804 0
3805 0
3806 0
3807 0
3808 0
3809 0
3810 0
3811 0
3812 0
3813 0
3814 0
3815 0
3816 0
3817 0
3818 0
3819 0
3820 0
3821 0
3822 0
3823 0
3824 0
3825 0
3826 0
3827 0
3828 0
3829 0
3830 0
3831 0
3832 0
3833 0
3834 0
3835 0
3836 0
3837 0
3838 0
3839 0
3840 0
3841 0
3842 0
3843 0
3844 0
3845 0
3846 0
3847 0
3848 0
3849 0
3850 0
3851 0
3852 0
3853 0
3854 0
3855 0
3856 0
3857 0
3858 0
3859 0
3860 0
3861 0
3862 0
3863 0
3864 0
3865 0
3866 0
3867 0
3868 0
3869 0
3870 0
3871 0
3872 0
3873 0
3874 0
3875 0
3876 0
3877 0
3878 0
3879 0
3880 0
3881 0
3882 0
3883 0
3884 0
3885 0
3886 0
3887 0
3888 0
3889 0
3890 0
3891 0
3892 0
3893 0
3894 0
3895 0
3896 0
3897 0
3898 0
3899 0
3900 0
3901 0
3902 0
3903 0
3904 0
3905 0
3906 0
3907 0
3908 0
3909 0
3910 0
3911 0
3912 0
3913 0
3914 0
3915 0
3916 0
3917 0
3918 0
3919 0
3920 0
3921 0
3922 0
3923 0
3924 0
3925 0
3926 0
3927 0
3928 0
3929 0
3930 0
3931 0
3932 0
3933 0
3934 0
3935 0
3936 0
3937 0
3938 0
3939 0
3940 0
3941 0
3942 0
3943 0
3944 0
3945 0
3946 0
3947 0
3948 0
3949 0
3950 0
3951 0
3952 0
3953 0
3954 0
3955 0
3956 0
3957 0
3958 0
3959 0
3960 0
3961 0
3962 0
3963 0
3964 0
3965 0
3966 0
3967 0
3968 0
3969 0
3970 0
3971 0
3972 0
3973 0
3974 0
3975 0
3976 0
3977 0
3978 0
3979 0
3980 0
3981 0
3982 0
3983 0
3984 0
3985 0
3986 0
3987 0
3988 0
3989 0
3990 0
3991 0
3992 0
3993 0
3994 0
3995 0
3996 0
3997 0
3998 0
3999 0
4000 0
4001 0
4002 0
4003 0
4004 0
4005 0
4006 0
4007 0
4008 0
4009 0
4010 0
4011 0
4012 0
4013 0
4014 0
4015 0
4016 0
4017 0
4018 0
4019 0
4020 0
4021 0
4022 0
4023 0
4024 0
4025 0
4026 0
4027 0
4028 0
4029 0
4030 0
4031 0
4032 0
4033 0
4034 0
4035 0
4036 0
4037 0
4038 0
4039 0
4040 0
4041 0
4042 0
4043 0
4044 0
4045 0
4046 0
4047 0
4048 0
4049 0
4050 0
4051 0
4052 0
4053 0
4054 0
4055 0
4056 0
4057 0
4058 0
4059 0
4060 0
4061 0
4062 0
4063 0
4064 0
4065 0
4066 0
4067 0
4068 0
4069 0
4070 0
4071 0
4072 0
4073 0
4074 0
4075 0
4076 0
4077 0
4078 0
4079 0
4080 0
4081 0
4082 0
4083 0
4084 0
4085 0
4086 0
4087 0
4088 0
4089 0
4090 0
4091 0
4092 0
4093 0
4094 0
4095 0
4096 0
4097 0
4098 0
4099 0
4100 0
4101 0
4102 0
4103 0
4104 0
4105 0
4106 0
4107 0
4108 0
4109 0
4110 0
4111 0
4112 0
4113 0
4114 0
4115 0
4116 0
4117 0
4118 0
4119 0
4120 0
4121 0
4122 0
4123 0
4124 0
4125 0
4126 0
4127 0
4128 0
4129 0
4130 0
4131 0
4132 0
4133 0
4134 0
4135 0
4136 0
4137 0
4138 0
4139 0
4140 0
4141 0
4142 0
4143 0
4144 0
4145 0
4146 0
4147 0
4148 0
4149 0
4150 0
4151 0
4152 0
4153 0
4154 0
4155 0
4156 0
4157 0
4158 0
4159 0
4160 0
4161 0
4162 0
4163 0
4164 0
4165 0
4166 0
4167 0
4168 0
4169 0
4170 0
4171 0
4172 0
4173 0
4174 0
4175 0
4176 0
4177 0
4178 0
4179 0
4180 0
4181 0
4182 0
4183 0
4184 0
4185 0
4186 0
4187 0
4188 0
4189 0
4190 0
4191 0
4192 0
4193 0
4194 0
4195 0
4196 0
4197 0
4198 0
4199 0
4200 0
4201 0
4202 0
4203 0
4204 0
4205 0
4206 0
4207 0
4208 0
4209 0
4210 0
4211 0
4212 0
4213 0
4214 0
4215 0
4216 0
4217 0
4218 0
4219 0
4220 0
4221 0
4222 0
4223 0
4224 0
4225 0
4226 0
4227 0
4228 0
4229 0
4230 0
4231 0
4232 0
4233 0
4234 0
4235 0
4236 0
4237 0
4238 0
4239 0
4240 0
4241 0
4242 0
4243 0
4244 0
4245 0
4246 0
4247 0
4248 0
4249 0
4250 0
4251 0
4252 0
4253 0
4254 0
4255 0
4256 0
4257 0
4258 0
4259 0
4260 0
4261 0
4262 0
4263 0
4264 0
4265 0
4266 0
4267 0
4268 0
4269 0
4270 0
4271 0
4272 0
4273 0
4274 0
4275 0
4276 0
4277 0
4278 0
4279 0
4280 0
4281 0
4282 0
4283 0
4284 0
4285 0
4286 0
4287 0
4288 0
4289 0
4290 0
4291 0
4292 0
4293 0
4294 0
4295 0
4296 0
4297 0
4298 0
4299 0
4300 0
4301 0
4302 0
4303 0
4304 0
4305 0
4306 0
4307 0
4308 0
4309 0
4310 0
4311 0
4312 0
4313 0
4314 0
4315 0
4316 0
4317 0
4318 0
4319 0
4320 0
4321 0
4322 0
4323 0
4324 0
4325 0
4326 0
4327 0
4328 0
4329 0
4330 0
4331 0
4332 0
4333 0
4334 0
4335 0
4336 0
4337 0
4338 0
4339 0
4340 0
4341 0
4342 0
4343 0
4344 0
4345 0
4346 0
4347 0
4348 0
4349 0
4350 0
4351 0
4352 0
4353 0
4354 0
4355 0
4356 0
4357 0
4358 0
4359 0
4360 0
4361 0
4362 0
4363 0
4364 0
4365 0
4366 0
4367 0
4368 0
4369 0
4370 0
4371 0
4372 0
4373 0
4374 0
4375 0
4376 0
4377 0
4378 0
4379 0
4380 0
4381 0
4382 0
4383 0
4384 0
4385 0
4386 0
4387 0
4388 0
4389 0
4390 0
4391 0
4392 0
4393 0
4394 0
4395 0
4396 0
4397 0
4398 0
4399 0
4400 0
4401 0
4402 0
4403 0
4404 0
4405 0
4406 0
4407 0
4408 0
4409 0
4410 0
4411 0
4412 0
4413 0
4414 0
4415 0
4416 0
4417 0
4418 0
4419 0
4420 0
4421 0
4422 0
4423 0
4424 0
4425 0
4426 0
4427 0
4428 0
4429 0
4430 0
4431 0
4432 0
4433 0
4434 0
4435 0
4436 0
4437 0
4438 0
4439 0
4440 0
4441 0
4442 0
4443 0
4444 0
4445 0
4446 0
4447 0
4448 0
4449 0
4450 0
4451 0
4452 0
4453 0
4454 0
4455 0
4456 0
4457 0
4458 0
4459 0
4460 0
4461 0
4462 0
4463 0
4464 0
4465 0
4466 0
4467 0
4468 0
4469 0
4470 0
4471 0
4472 0
4473 0
4474 0
4475 0
4476 0
4477 0
4478 0
4479 0
4480 0
4481 0
4482 0
4483 0
4484 0
4485 0
4486 0
4487 0
4488 0
4489 0
4490 0
4491 0
4492 0
4493 0
4494 0
4495 0
4496 0
4497 0
4498 0
4499 0
4500 0
4501 0
4502 0
4503 0
4504 0
4505 0
4506 0
4507 0
4508 0
4509 0
4510 0
4511 0
4512 0
4513 0
4514 0
4515 0
4516 0
4517 0
4518 0
4519 0
4520 0
4521 0
4522 0
4523 0
4524 0
4525 0
4526 0
4527 0
4528 0
4529 0
4530 0
4531 0
4532 0
4533 0
4534 0
4535 0
4536 0
4537 0
4538 0
4539 0
4540 0
4541 0
4542 0
4543 0
4544 0
4545 0
4546 0
4547 0
4548 0
4549 0
4550 0
4551 0
4552 0
4553 0
4554 0
4555 0
4556 0
4557 0
4558 0
4559 0
4560 0
4561 0
4562 0
4563 0
4564 0
4565 0
4566 0
4567 0
4568 0
4569 0
4570 0
4571 0
4572 0
4573 0
4574 0
4575 0
4576 0
4577 0
4578 0
4579 0
4580 0
4581 0
4582 0
4583 0
4584 0
4585 0
4586 0
4587 0
4588 0
4589 0
4590 0
4591 0
4592 0
4593 0
4594 0
4595 0
4596 0
4597 0
4598 0
4599 0
4600 0
4601 0
4602 0
4603 0
4604 0
4605 0
4606 0
4607 0
4608 0
4609 0
4610 0
4611 0
4612 0
4613 0
4614 0
4615 0
4616 0
4617 0
4618 0
4619 0
4620 0
4621 0
4622 0
4623 0
4624 0
4625 0
4626 0
4627 0
4628 0
4629 0
4630 0
4631 0
4632 0
4633 0
4634 0
4635 0
4636 0
4637 0
4638 0
4639 0
4640 0
4641 0
4642 0
4643 0
4644 0
4645 0
4646 0
4647 0
4648 0
4649 0
4650 0
4651 0
4652 0
4653 0
4654 0
4655 0
4656 0
4657 0
4658 0
4659 0
4660 0
4661 0
4662 0
4663 0
4664 0
4665 0
4666 0
4667 0
4668 0
4669 0
4670 0
4671 0
4672 0
4673 0
4674 0
4675 0
4676 0
4677 0
4678 0
4679 0
4680 0
4681 0
4682 0
4683 0
4684 0
4685 0
4686 0
4687 0
4688 0
4689 0
4690 0
4691 0
4692 0
4693 0
4694 0
4695 0
4696 0
4697 0
4698 0
4699 0
4700 0
4701 0
4702 0
4703 0
4704 0
4705 0
4706 0
4707 0
4708 0
4709 0
4710 0
4711 0
4712 0
4713 0
4714 0
4715 0
4716 0
4717 0
4718 0
4719 0
4720 0
4721 0
4722 0
4723 0
4724 0
4725 0
4726 0
4727 0
4728 0
4729 0
4730 0
4731 0
4732 0
4733 0
4734 0
4735 0
4736 0
4737 0
4738 0
4739 0
4740 0
4741 0
4742 0
4743 0
4744 0
4745 0
4746 0
4747 0
4748 0
4749 0
4750 0
4751 0
4752 0
4753 0
4754 0
4755 0
4756 0
4757 0
4758 0
4759 0
4760 0
4761 0
4762 0
4763 0
4764 0
4765 0
4766 0
4767 0
4768 0
4769 0
4770 0
4771 0
4772 0
4773 0
4774 0
4775 0
4776 0
4777 0
4778 0
4779 0
4780 0
4781 0
4782 0
4783 0
4784 0
4785 0
4786 0
4787 0
4788 0
4789 0
4790 0
4791 0
4792 0
4793 0
4794 0
4795 0
4796 0
4797 0
4798 0
4799 0
4800 0
4801 0
4802 0
4803 0
4804 0
4805 0
4806 0
4807 0
4808 0
4809 0
4810 0
4811 0
4812 0
4813 0
4814 0
4815 0
4816 0
4817 0
4818 0
4819 0
4820 0
4821 0
4822 0
4823 0
4824 0
4825 0
4826 0
4827 0
4828 0
4829 0
4830 0
4831 0
4832 0
4833 0
4834 0
4835 0
4836 0
4837 0
4838 0
4839 0
4840 0
4841 0
4842 0
4843 0
4844 0
4845 0
4846 0
4847 0
4848 0
4849 0
4850 0
4851 0
4852 0
4853 0
4854 0
4855 0
4856 0
4857 0
4858 0
4859 0
4860 0
4861 0
4862 0
4863 0
4864 0
4865 0
4866 0
4867 0
4868 0
4869 0
4870 0
4871 0
4872 0
4873 0
4874 0
4875 0
4876 0
4877 0
4878 0
4879 0
4880 0
4881 0
4882 0
4883 0
4884 0
4885 0
4886 0
4887 0
4888 0
4889 0
4890 0
4891 0
4892 0
4893 0
4894 0
4895 0
4896 0
4897 0
4898 0
4899 0
4900 0
4901 0
4902 0
4903 0
4904 0
4905 0
4906 0
4907 0
4908 0
4909 0
4910 0
4911 0
4912 0
4913 0
4914 0
4915 0
4916 0
4917 0
4918 0
4919 0
4920 0
4921 0
4922 0
4923 0
4924 0
4925 0
4926 0
4927 0
4928 0
4929 0
4930 0
4931 0
4932 0
4933 0
4934 0
4935 0
4936 0
4937 0
4938 0
4939 0
4940 0
4941 0
4942 0
4943 0
4944 0
4945 0
4946 0
4947 0
4948 0
4949 0
4950 0
4951 0
4952 0
4953 0
4954 0
4955 0
4956 0
4957 0
4958 0
4959 0
4960 0
4961 0
4962 0
4963 0
4964 0
4965 0
4966 0
4967 0
4968 0
4969 0
4970 0
4971 0
4972 0
4973 0
4974 0
4975 0
4976 0
4977 0
4978 0
4979 0
4980 0
4981 0
4982 0
4983 0
4984 0
4985 0
4986 0
4987 0
4988 0
4989 0
4990 0
4991 0
4992 0
4993 0
4994 0
4995 0
4996 0
4997 0
4998 0
4999 0
